RF_DPK_DP_PATH_A_OK 1
RF_DPK_DP_PATH_B_OK 1
RF_DPK_PWSF_2G_A 28 0 12
RF_DPK_PWSF_2G_B 30 0 14
RF_DPK_LUT_2G_EVEN_A0 896978 4052 9 892893 4062 2 911332 2022 10 972785 2036 8 882688 2048 0 882688 2048 0 882688 2048 0 882688 2048 0 882688 2048 0 882688 2048 0 882688 2048 0 882688 2048 0 882688 2048 0 882688 2048 0 882688 2048 0 882688 2048 0 0 0 0 0 0 0 0 0 0 0 0 0 0 0 0 0 
RF_DPK_LUT_2G_ODD_A0 894931 4054 10 894942 2016 1 915429 4072 13 978930 4086 11 882688 30720 0 882688 30720 0 882688 30720 0 882688 30720 0 882688 30720 0 882688 30720 0 882688 30720 0 882688 30720 0 882688 30720 0 882688 30720 0 882688 30720 0 882688 30720 0 0 0 0 0 0 0 0 0 0 0 0 0 0 0 0 0 
RF_DPK_LUT_2G_EVEN_B0 903150 4080 3 913397 2039 10 960508 4093 15 989185 4093 13 882688 2048 0 882688 2048 0 882688 2048 0 882688 2048 0 882688 2048 0 882688 2048 0 882688 2048 0 882688 2048 0 882688 2048 0 882688 2048 0 882688 2048 0 882688 2048 0 0 0 0 0 0 0 0 0 0 0 0 0 0 0 0 0 
RF_DPK_LUT_2G_ODD_B0 905200 4081 2 915446 4089 11 964605 4094 0 993280 2044 14 882688 30720 0 882688 30720 0 882688 30720 0 882688 30720 0 882688 30720 0 882688 30720 0 882688 30720 0 882688 30720 0 882688 30720 0 882688 30720 0 882688 30720 0 882688 30720 0 0 0 0 0 0 0 0 0 0 0 0 0 0 0 0 0 
RF_DPK_LUT_2G_EVEN_A1 896980 4055 9 894942 4063 2 913381 2025 12 974833 4084 8 882688 2048 0 882688 2048 0 882688 2048 0 882688 2048 0 882688 2048 0 882688 2048 0 882688 2048 0 882688 2048 0 882688 2048 0 882688 2048 0 882688 2048 0 882688 2048 0 0 0 0 0 0 0 0 0 0 0 0 0 0 0 0 0 
RF_DPK_LUT_2G_ODD_A1 892886 2009 10 896990 4064 3 917478 2025 13 983026 2038 10 882688 30720 0 882688 30720 0 882688 30720 0 882688 30720 0 882688 30720 0 882688 30720 0 882688 30720 0 882688 30720 0 882688 30720 0 882688 30720 0 882688 30720 0 882688 30720 0 0 0 0 0 0 0 0 0 0 0 0 0 0 0 0 0 
RF_DPK_LUT_2G_EVEN_B1 901099 2027 14 913393 4081 4 956406 4090 10 991231 4095 11 882688 2048 0 882688 2048 0 882688 2048 0 882688 2048 0 882688 2048 0 882688 2048 0 882688 2048 0 882688 2048 0 882688 2048 0 882688 2048 0 882688 2048 0 882688 2048 0 0 0 0 0 0 0 0 0 0 0 0 0 0 0 0 0 
RF_DPK_LUT_2G_ODD_B1 901099 4076 14 915440 2035 5 958456 4089 12 997375 4092 12 882688 30720 0 882688 30720 0 882688 30720 0 882688 30720 0 882688 30720 0 882688 30720 0 882688 30720 0 882688 30720 0 882688 30720 0 882688 30720 0 882688 30720 0 882688 30720 0 0 0 0 0 0 0 0 0 0 0 0 0 0 0 0 0 
RF_DPK_LUT_2G_EVEN_A2 899037 2012 14 901088 4067 5 917481 4076 14 976883 4086 9 882688 2048 0 882688 2048 0 882688 2048 0 882688 2048 0 882688 2048 0 882688 2048 0 882688 2048 0 882688 2048 0 882688 2048 0 882688 2048 0 882688 2048 0 882688 2048 0 0 0 0 0 0 0 0 0 0 0 0 0 0 0 0 0 
RF_DPK_LUT_2G_ODD_A2 901083 2011 14 901089 4068 7 923626 4077 15 985077 4088 11 882688 30720 0 882688 30720 0 882688 30720 0 882688 30720 0 882688 30720 0 882688 30720 0 882688 30720 0 882688 30720 0 882688 30720 0 882688 30720 0 882688 30720 0 882688 30720 0 0 0 0 0 0 0 0 0 0 0 0 0 0 0 0 0 
RF_DPK_LUT_2G_EVEN_B2 899047 2025 10 913390 4079 2 956404 4086 8 993276 4095 0 882688 2048 0 882688 2048 0 882688 2048 0 882688 2048 0 882688 2048 0 882688 2048 0 882688 2048 0 882688 2048 0 882688 2048 0 882688 2048 0 882688 2048 0 882688 2048 0 0 0 0 0 0 0 0 0 0 0 0 0 0 0 0 0 
RF_DPK_LUT_2G_ODD_B2 899047 4074 11 917485 4080 2 958453 4087 9 1001470 2048 14 882688 30720 0 882688 30720 0 882688 30720 0 882688 30720 0 882688 30720 0 882688 30720 0 882688 30720 0 882688 30720 0 882688 30720 0 882688 30720 0 882688 30720 0 882688 30720 0 0 0 0 0 0 0 0 0 0 0 0 0 0 0 0 0 